    0 1 2 3 4 5 6 7 8 9 10 11 12 13 14 15 16 17 18 19 20 21 22 23 24 25 26 27 28 29 30 31 32 33 34 35 36 37 38 39 40 41 42 43 44 45 46 47 48 49 50 51 52 53 54 55 56 57 58 59 
 0  1 1 1 1 1 1 1 1 1 1  1  1  1  1  1  1  1  1  1  1  1  1  1  1  1  1  1  1  1  1  1  1  1  1  1  1  1  1  1  1  1  1  1  1  1  1  1  1  1  1  1  1  1  1  1  1  1  1  1  1 
 1  1 0 0 0 0 0 0 0 0 0  0  0  0  0  0  0  0  0  0  0  0  0  0  0  0  0  0  0  0  0  0  0  0  0  0  0  0  0  0  0  0  0  0  0  0  0  0  0  0  0  0  0  0  0  0  0  0  0  0  1 
 2  1 0 0 0 0 0 0 0 0 0  0  0  0  0  0  0  0  0  0  0  0  0  0  0  0  0  0  0  0  0  0  0  0  0  0  0  0  0  0  0  0  0  0  0  0  0  0  0  0  0  0  0  0  0  0  0  0  0  0  1 
 3  1 0 0 0 0 0 0 0 0 0  0  0  0  0  0  0  0  0  0  0  0  0  0  0  0  0  0  0  0  0  0  0  0  0  0  0  0  0  0  0  0  0  0  0  0  0  0  0  0  0  0  0  0  0  0  0  0  0  0  1 
 4  1 0 0 0 0 0 0 0 0 0  0  0  0  0  0  0  0  0  0  0  0  0  0  0  0  0  0  0  0  0  0  0  0  0  0  0  0  0  0  0  0  0  0  0  0  0  0  0  0  0  0  0  0  0  0  0  0  0  0  1 
 5  1 0 0 0 0 0 0 0 0 0  0  0  0  0  0  0  0  0  0  0  0  0  0  0  0  0  0  0  0  0  0  0  0  0  0  0  0  0  0  0  0  0  0  0  0  0  0  0  0  0  0  0  0  0  0  0  0  0  0  1 
 6  1 0 0 0 0 0 0 0 0 0  0  0  0  0  0  0  0  0  0  0  0  0  0  0  0  0  0  0  0  0  0  0  0  0  0  0  0  0  0  0  0  0  0  0  0  0  0  0  0  0  0  0  0  0  0  0  0  0  0  1 
 7  1 0 0 0 0 0 0 0 0 0  0  0  0  0  0  0  0  0  0  0  0  0  0  0  0  0  0  0  0  0  0  0  0  0  0  0  0  0  0  0  0  0  0  0  0  0  0  0  0  0  0  0  0  0  0  0  0  0  0  1 
 8  1 0 0 0 0 0 0 0 0 0  0  0  0  0  0  0  0  0  0  0  0  0  0  0  0  0  0  0  0  0  0  0  0  0  0  0  0  0  0  0  0  0  0  0  0  0  0  0  0  0  0  0  0  0  0  0  0  0  0  1 
 9  1 0 0 0 0 0 0 0 0 0  0  0  0  0  0  0  0  0  0  0  0  0  0  0  0  0  0  0  0  0  0  0  0  0  0  0  0  0  0  0  0  0  0  0  0  0  0  0  0  0  0  0  0  0  0  0  0  0  0  1 
10  1 0 0 0 0 0 0 0 0 0  0  0  0  0  0  0  0  0  0  0  0  0  0  0  0  0  0  0  0  0  0  0  0  0  0  0  0  0  0  0  0  0  0  0  0  0  0  0  0  10  10  0  0  0  0  0  0  0  0  1 
11  1 0 0 0 0 0 0 0 0 0  0  0  0  0  0  0  0  0  0  0  0  0  0  0  0  0  0  0  0  0  0  0  0  0  0  0  0  0  0  0  0  1  1  1  1  1  1  1  5  1  1  1  1  1  1  1  1  1  1  1 
12  1 0 0 0 0 0 0 0 0 0  0  0  0  0  0  0  0  0  0  0  0  0  0  0  0  0  0  0  0  0  0  0  0  0  0  0  0  0  0  0  0  0  0  0  0  0  0  0  5  0  0  0  0  0  0  0  0  0  0  1 
13  1 0 0 0 0 0 0 0 0 0  0  0  0  0  0  0  0  0  0  0  0  0  0  0  0  0  0  0  0  0  0  0  0  0  0  0  0  0  0  0  0  0  0  0  0  0  0  0  5  0  0  0  0  0  0  0  0  0  0  1 
14  1 0 0 0 0 0 0 0 0 0  0  0  0  0  0  0  0  0  0  0  0  0  0  0  0  0  0  0  0  0  0  0  0  0  0  0  0  0  0  0  0  0  0  0  0  0  0  0  5  0  0  0  0  0  0  0  0  0  0  1 
15  1 0 0 0 0 0 0 0 0 0  0  0  0  0  0  0  0  0  0  0  0  0  0  0  0  0  0  0  0  0  0  0  0  0  0  0  0  0  0  0  0  0  0  0  0  0  0  0  5  0  0  0  0  0  0  0  0  0  0  1 
16  1 0 0 0 0 0 0 0 0 0  0  0  0  0  0  0  0  0  0  0  0  0  0  0  0  0  0  0  0  0  0  0  0  0  0  0  0  0  0  0  0  0  0  0  0  0  0  0  5  0  0  0  0  0  0  0  0  0  0  1 
17  1 0 0 0 0 0 0 0 0 0  0  0  0  0  0  0  0  0  0  0  0  0  0  0  0  0  0  0  0  0  0  0  0  0  0  0  0  0  0  0  0  0  0  0  0  0  0  0  5  1  1  1  1  1  1  1  1  1  1  1 
18  1 0 0 0 0 0 0 0 0 0  0  0  0  0  0  0  0  0  0  0  0  0  0  0  0  0  0  0  0  0  0  0  0  0  0  0  0  0  0  0  0  0  0  0  0  0  0  0  5  0  0  0  0  0  0  0  0  0  0  1 
19  1 0 0 0 0 0 0 0 0 0  0  0  0  0  0  0  0  0  0  0  0  0  0  0  0  0  0  0  0  0  0  0  0  0  0  0  0  0  0  0  0  0  0  0  0  0  0  0  5  0  0  0  0  0  0  0  0  0  0  1 
20  1 0 0 0 0 0 0 0 0 0  0  0  0  0  0  0  0  0  0  0  0  0  0  0  0  0  0  0  0  0  0  0  0  0  0  0  0  0  0  0  0  0  0  0  0  0  0  0  5  0  0  0  0  0  0  0  0  0  0  1 
21  1 0 0 0 0 0 0 0 0 0  0  0  0  0  0  0  0  0  0  0  0  0  0  0  0  0  0  0  0  0  0  0  1  0  0  0  0  0  0  0  0  0  0  0  0  0  0  0  5  0  0  0  0  0  0  0  0  0  0  1 
22  1 0 0 0 0 0 0 0 0 0  0  0  0  0  0  0  0  0  0  0  0  0  0  0  0  0  0  0  0  0  0  0  0  1  0  0  0  0  0  0  0  0  0  0  0  0  0  0  5  0  0  0  0  0  0  0  0  0  0  1 
23  1 0 0 0 0 0 0 0 0 0  0  0  0  0  0  0  0  0  0  0  0  0  0  0  0  0  0  0  0  0  0  0  0  0  1  0  0  0  0  0  0  0  0  0  0  0  0  0  5  0  0  0  0  0  0  0  0  0  0  1 
24  1 20 20 20 20 20 0 0 0 0  0  0  0  0  0  0  0  0  0  0  0  0  0  0  0  0  0  0  0  0  0  0  0  0  0  1  0  0  0  0  0  0  0  0  0  0  0  0  5  0  0  0  0  0  0  0  0  0  0  1 
25  1 1 1 1 1 1 1 1 1 1  1  1  1  1  5  1  1  1  1  1  1  1  1  1  1  1  1  1  1  1  0  0  0  0  0  0  1  0  0  0  0  0  0  0  0  0  0  0  5  0  0  0  0  0  0  0  0  0  0  1 
26  1 0 0 0 0 0 0 0 0 0  0  0  0  0  5  0  0  0  0  0  0  0  0  0  0  0  0  0  1  1  0  0  0  0  0  0  0  1  0  0  0  0  0  0  0  0  0  0  5  0  0  0  0  0  0  0  0  0  0  1 
27  1 0 0 0 0 0 0 0 0 0  0  0  0  0  5  0  0  0  0  0  0  0  0  0  0  0  0  0  1  1  0  0  0  0  0  0  0  0  1  0  0  0  0  0  0  0  0  0  5  0  0  0  0  0  0  0  0  0  0  0 
28  1 0 0 0 0 0 0 0 0 0  0  0  0  0  5  0  0  0  0  0  0  0  0  0  0  0  0  0  1  1  0  0  0  0  0  0  0  0  0  0  0  0  0  0  0  0  0  0  5  0  0  0  0  0  0  0  0  0  0  0 
29  1 0 0 0 0 0 0 0 0 0  0  0  0  0  5  0  0  0  0  0  0  0  0  10  10  0  0  0  1  1  0  0  0  0  0  0  0  0  0  0  0  0  0  0  0  0  0  0  5  0  0  0  0  0  0  0  0  0  0  0 
30  1 1 1 1 1 1 1 1 1 1  1  1  1  1  1  1  1  1  1  1  1  1  1  1  1  1  1  1  1  1  1  1  1  1  1  1  1  1  1  1  1  1  1  1  1  1  1  1  1  1  1  1  1  1  1  1  1  1  1  1 
31  2 2 2 2 2 2 2 2 2 2  2  2  2  2  2  2  2  2  2  2  2  2  2  2  2  2  2  2  2  2  2  2  2  2  2  2  2  2  2  2  2  2  2  2  2  2  2  2  2  2  2  2  2  2  2  2  2  2  2  2 
32  2 2 2 2 2 2 2 2 2 2  2  2  2  2  2  2  2  2  2  2  2  2  2  2  2  2  2  2  2  2  2  2  2  2  2  2  2  2  2  2  2  2  2  2  2  2  2  2  2  2  2  2  2  2  2  2  2  2  2  2 
33  2 2 2 2 2 2 2 2 2 2  2  2  2  2  2  2  2  2  2  2  2  2  2  2  2  2  2  2  2  2  2  2  2  2  2  2  2  2  2  2  2  2  2  2  2  2  2  2  2  2  2  2  2  2  2  2  2  2  2  2 
34  0 0 0 0 0 0 0 0 0 0  0  0  0  0  0  0  0  0  0  0  0  0  0  0  0  0  0  0  0  0  0  0  0  0  0  0  0  0  0  0  0  0  0  0  0  0  0  0  0  0  0  0  0  0  0  0  0  0  0  0 
mat[0][0] mat[0][1] mat[0][2] mat[0][3] mat[0][4] mat[0][5] mat[0][6] mat[0][7] mat[0][8] mat[0][9] mat[0][10] mat[0][11] mat[0][12] mat[0][13] mat[0][14] mat[0][15] mat[0][16] mat[0][17] mat[0][18] mat[0][19] mat[0][20] mat[0][21] mat[0][22] mat[0][23] mat[0][24] mat[0][25] mat[0][26] mat[0][27] mat[0][28] mat[0][29] mat[0][30] mat[0][31] mat[0][32] mat[0][33] mat[0][34] mat[0][35] mat[0][36] mat[0][37] mat[0][38] mat[0][39] mat[0][40] mat[0][41] mat[0][42] mat[0][43] mat[0][44] mat[0][45] mat[0][46] mat[0][47] mat[0][48] mat[0][49] mat[0][50] mat[0][51] mat[0][52] mat[0][53] mat[0][54] mat[0][55] mat[0][56] mat[0][57] mat[0][58] mat[0][59] mat[1][0] mat[1][59] mat[2][0] mat[2][59] mat[3][0] mat[3][59] mat[4][0] mat[4][59] mat[5][0] mat[5][59] mat[6][0] mat[6][59] mat[7][0] mat[7][59] mat[8][0] mat[8][59] mat[9][0] mat[9][59] mat[10][0] mat[10][59] mat[11][0] mat[11][41] mat[11][42] mat[11][43] mat[11][44] mat[11][45] mat[11][46] mat[11][47] mat[11][49] mat[11][50] mat[11][51] mat[11][52] mat[11][53] mat[11][54] mat[11][55] mat[11][56] mat[11][57] mat[11][58] mat[11][59] mat[12][0] mat[12][59] mat[13][0] mat[13][59] mat[14][0] mat[14][59] mat[15][0] mat[15][59] mat[16][0] mat[16][59] mat[17][0] mat[17][49] mat[17][50] mat[17][51] mat[17][52] mat[17][53] mat[17][54] mat[17][55] mat[17][56] mat[17][57] mat[17][58] mat[17][59] mat[18][0] mat[18][59] mat[19][0] mat[19][59] mat[20][0] mat[20][59] mat[21][0] mat[21][32] mat[21][59] mat[22][0] mat[22][33] mat[22][59] mat[23][0] mat[23][34] mat[23][59] mat[24][0] mat[24][35] mat[24][59] mat[25][0] mat[25][1] mat[25][2] mat[25][3] mat[25][4] mat[25][5] mat[25][6] mat[25][7] mat[25][8] mat[25][9] mat[25][10] mat[25][11] mat[25][12] mat[25][13] mat[25][15] mat[25][16] mat[25][17] mat[25][18] mat[25][19] mat[25][20] mat[25][21] mat[25][22] mat[25][23] mat[25][24] mat[25][25] mat[25][26] mat[25][27] mat[25][28] mat[25][29] mat[25][36] mat[25][59] mat[26][0] mat[26][28] mat[26][29] mat[26][37] mat[26][59] mat[27][0] mat[27][28] mat[27][29] mat[27][38] mat[28][0] mat[28][28] mat[28][29] mat[29][0] mat[29][28] mat[29][29] mat[30][0] mat[30][1] mat[30][2] mat[30][3] mat[30][4] mat[30][5] mat[30][6] mat[30][7] mat[30][8] mat[30][9] mat[30][10] mat[30][11] mat[30][12] mat[30][13] mat[30][14] mat[30][15] mat[30][16] mat[30][17] mat[30][18] mat[30][19] mat[30][20] mat[30][21] mat[30][22] mat[30][23] mat[30][24] mat[30][25] mat[30][26] mat[30][27] mat[30][28] mat[30][29] mat[30][30] mat[30][31] mat[30][32] mat[30][33] mat[30][34] mat[30][35] mat[30][36] mat[30][37] mat[30][38] mat[30][39] mat[30][40] mat[30][41] mat[30][42] mat[30][43] mat[30][44] mat[30][45] mat[30][46] mat[30][47] mat[30][48] mat[30][49] mat[30][50] mat[30][51] mat[30][52] mat[30][53] mat[30][54] mat[30][55] mat[30][56] mat[30][57] mat[30][58] mat[30][59] 